um <-
structure(c(0.535462141036987, -0.58687424659729, 0.607337951660156, 
0, 0.833807945251465, 0.481729090213776, -0.269632548093796, 
0, -0.134331792593002, 0.650781095027924, 0.747288107872009, 
0, 0, 0, 0, 1), .Dim = c(4L, 4L))
