um <-
structure(c(0.977166712284088, -0.160182490944862, 0.139596790075302, 
0, 0.208054468035698, 0.58802318572998, -0.78162807226181, 0, 
0.0431171953678131, 0.792824506759644, 0.607923328876495, 0, 
0, 0, 0, 1), .Dim = c(4L, 4L))
