um <-
structure(c(-0.874565482139587, -0.269421637058258, 0.403172194957733, 
0, 0.479376554489136, -0.605603635311127, 0.635171711444855, 
0, 0.073033332824707, 0.748770415782928, 0.658794224262238, 0, 
0, 0, 0, 1), .Dim = c(4L, 4L))
